# This file may be used to create an environment using:
# $ conda create --name <env> --file <this file>
# platform: win-64
# created-by: conda 25.11.0
bzip2=1.0.8=h0ad9c76_9
ca-certificates=2026.2.25=h4c7d964_0
certifi=2026.2.25=pypi_0
charset-normalizer=3.4.7=pypi_0
greenlet=3.4.0=pypi_0
idna=3.11=pypi_0
libexpat=2.7.5=hac47afa_0
libffi=3.5.2=h3d046cb_0
liblzma=5.8.3=hfd05255_0
libsqlite=3.53.0=hf5d6505_0
libzlib=1.3.2=hfd05255_2
openssl=3.6.2=hf411b9b_0
packaging=26.0=pyhcf101f3_0
pip=26.0.1=pyh8b19718_0
playwright=1.58.0=pypi_0
pyee=13.0.1=pypi_0
python=3.11.15=h0159041_0_cpython
python-dotenv=1.2.2=pypi_0
requests=2.33.1=pypi_0
setuptools=82.0.1=pyh332efcf_0
tk=8.6.13=h6ed50ae_3
typing-extensions=4.15.0=pypi_0
tzdata=2025c=hc9c84f9_1
ucrt=10.0.26100.0=h57928b3_0
urllib3=2.6.3=pypi_0
vc=14.3=h41ae7f8_34
vc14_runtime=14.44.35208=h818238b_34
vcomp14=14.44.35208=h818238b_34
wheel=0.46.3=pyhd8ed1ab_0
